202712
86193
492867
257088
451401
582315
38731
423901
474738
336989
914744
828512
516011
543405
987714
400212
308333
951318
779241
35604
760448
492257
969667
551066
558414
727515
177897
613072
378737
786582
70110
295932
357602
488116
667193
385929
824169
120202
267682
250262
384530
872613
975123
760078
908810
600510
421354
768227
279175
350820
665042
68898
678596
394878
265164
502594
77864
840459
601647
506933
153843
16429
2201
240603
976797
995142
193348
772121
822028
485921
47120
461544
843149
948162
125560
832734
141513
946506
582139
150391
412186
428556
749076
964454
405278
205318
830900
513527
188911
740382
512214
126963
364857
975178
996183
268555
344894
589077
977426
424928
953147
650713
381922
972958
655705
895495
382906
699077
715854
511868
794216
571798
572593
621346
854750
413356
688071
340222
382082
268201
30752
923236
314289
464748
251444
155677
649206
349353
637347
907847
124181
841254
415439
397745
358281
466890
250019
996412
372670
526049
923986
297787
626978
116718
930223
12931
611081
571139
404826
765034
38407
570908
128920
956393
468156
437109
643709
648191
471015
71707
319009
695891
479219
931469
635020
58726
197075
192008
195932
465339
498470
775411
48448
344497
883059
586830
330936
705208
808073
119365
458918
242407
927381
303792
395368
75919
732538
823388
591459
137219
484367
386049
16065
245180
114521
173316
287894
903930
818938
509465
563684
573066
287615
862849
18527
141191
17522
444550
23720
448904
922045
13288
883511
592891
140802
476061
553257
783884
148104
708340
126082
647423
252128
29757
343153
92326
611092
869997
878726
192338
78347
524485
898922
990398
275330
211460
629220
455843
86905
706175
36085
718858
780844
798323
954271
350749
503100
537611
65411
791068
244538
738291
403254
241950
746824
887389
20310
944725
836836
171182
268091
711860
287802
7358
470365
988049
822720
237317
55836
505171
75432
734083
541726
108614
925745
724861
382227
844861
563085
994265
941149
330651
655489
853787
716356
428448
926517
905192
502465
911679
599254
241398
267022
219190
100102
270314
449566
331441
101755
910562
491120
484786
375571
215545
210843
178423
323679
525837
842687
127891
891150
280575
351980
433680
854834
837080
834258
201473
491365
699069
553598
739180
172408
249341
615699
341417
973227
94474
901741
557920
629844
43860
324221
51612
959109
486525
244580
291956
281621
307617
414134
261852
614733
669443
945965
324646
459973
354635
652407
301835
988061
857399
882092
209031
994796
390067
729344
559315
647445
775507
999266
453899
671866
854055
732338
953778
436866
220857
668803
875989
919600
175735
264342
102511
766362
882667
784902
775509
204699
956679
118896
854894
876492
40027
144703
170911
242124
84297
853308
955557
571878
486925
902108
38678
12562
249159
464172
176864
51013
372170
35634
837379
837216
80105
717113
304102
17336
157828
753266
441615
102508
934945
284458
672
678374
25598
736753
303327
283070
506020
475509
646575
811312
191566
73364
778399
594536
938389
695469
354625
521169
545266
113456
89296
421169
25003
855916
88899
545626
960119
125167
317318
439246
424058
591063
774462
180250
880083
386686
611036
671264
28530
79088
161680
724853
572229
455700
330677
195030
72212
838843
263303
625749
322323
842894
787690
775322
250932
75914
697125
249248
484937
941937
378665
805211
712429
852857
393565
724763
930846
213478
782461
402432
40688
568694
738331
590829
326020
541601
403055
565927
846044
210666
938784
768289
541003
742575
150441
271152
475102
173609
966392
691304
694427
501025
991773
537577
504340
185675
317629
710785
20473
945332
634752
213548
606872
621989
989424
610032
921285
764795
873995
429339
155
520126
260096
557392
423364
523360
868593
455896
619134
762160
347844
220436
920346
638503
68295
854581
678605
553864
257344
250737
942576
34363
953596
550881
941000
202502
222840
267594
717383
425701
798655
198911
548219
760250
871925
774183
385685
641241
554395
709227
288970
816016
41207
989790
631128
846913
727372
655315
549461
461362
348213
414484
152292
496039
410836
271989
99385
428914
59352
109175
225442
544936
781465
835064
522017
205793
42730
847220
4985
214068
919153
824014
788082
757234
254028
757195
121908
788255
68287
704622
982887
723329
24619
167874
788631
326919
209117
478169
662200
243143
983824
211666
943316
493198
520814
61396
84709
842835
383615
162267
391823
101366
838139
323825
766469
300252
719158
395237
191013
50291
743992
891228
895297
110047
441098
176205
378127
886684
61775
204928
729148
712737
911736
744823
43207
682990
477939
566089
409476
90504
448189
766704
209809
629505
662664
892564
455745
146406
123746
748696
241039
775467
69363
966041
806544
790019
249672
959019
972855
190235
902847
734171
929127
528082
673386
126320
846408
547334
360039
551878
801534
572160
37285
419344
551796
529792
493788
258962
978442
333623
959542
878218
54668
412412
202114
215839
972255
576035
70513
193481
226183
591204
405427
467361
44698
873954
848368
564924
343531
926301
570996
745797
787828
203955
143044
462459
628743
429635
370159
550594
318445
349362
371470
125443
185710
776424
91780
818177
187530
510978
180122
656206
225561
388036
986811
231026
295725
79902
607613
534739
711236
821186
568372
10300
820470
615890
257717
628959
915912
97293
110756
315103
300752
487102
641277
777768
286965
446762
480983
424349
486423
707443
66252
470240
995959
14299
768636
273389
83225
516930
325451
520406
193622
56828
822480
793569
71296
767205
784424
593182
892612
698388
918692
887732
448635
637197
218434
579982
263794
646717
585327
144444
87728
809121
743268
799195
121673
870040
922457
331170
388300
941469
162670
447351
63487
120523
744999
178949
909351
74751
336323
772466
916457
924787
553408
563162
938937
641924
976662
411562
62341
463190
685166
537851
737541
381326
968933
518764
566205
703398
150232
219996
118076
251070
121552
444096
807225
780743
204499
853275
261219
521629
128082
523251
613331
622986
433169
800460
116545
603863
910478
729369
341832
815891
440073
757193
348865
688924
923598
154366
665174
700726
580867
57146
231359
827423
567202
848387
388617
261314
118587
622630
151145
957476
281655
4708
840613
659587
36807
459550
639929
782615
447642
766685
727523
423709
345882
55622
58345
207465
471553
101540
304422
7065
626300
255457
920544
112202
446293
175719
573704
848756
578022
684425
434428
455353
185560
586524
781146
319443
716365
611597
704868
544301
97171
254086
273803
455312
58376
801608
206594
152883
630964
513871
967106
609803
704627
319828
506503
171360
211876
251698
897691
951410
631872
356331
193019
779156
931298
515274
692572
583074
228776
992754
533505
434433
581511
265393
485863
858671
700928
906849
755548
484683
925984
382184
584376
398015
287682
87159
890428
519439
82420
569972
3936
948172
425823
393476
535091
594121
135738
289161
466909
586707
251898
90603
475896
51936
807739
399807
544479
329871
306546
875836
22771
460330
140232
95149
648166
768612
867192
210651
349950
621232
246577
37946
596265
572280
658775
683174
909254
502263
720012
298963
980703
473017
816850
30348
967093
250232
947634
252536
611064
189630
310123
440137
107983
894426
170806
314720
875602
360918
68816
416206
719156
886366
29203
474107
702295
554537
581513
303801
151693
709790
59873
809346
582875
797291
433911
951511
23093
34389
13255
736958
268252
751584
364459
515344
438071
67016
376864
337341
764951
918094
315591
364331
45667
800486
803439
740493
675490
380554
353782
923495
866856
173899
271050
274627
390878
177687
19511
988760
881600
500976
796609
976426
68810
620122
773486
264210
758273
763061
911410
691480
189068
115572
49635
892868
160624
634450
601789
362100
544315
755200
470430
733805
558854
417029
371991
592684
803396
668831
599835
222107
826584
962810
2098
529893
363251
790948
442070
303176
14845
732135
901118
55562
383421
611814
304135
238962
27859
334798
229046
196612
344729
985053
724690
366193
840777
964339
373932
145968
4314
589486
742704
537785
806779
547985
146503
75148
506746
155346
410445
110482
396368
903516
445190
206654
123072
642715
202686
928115
940059
894300
164366
758792
701449
487182
908286
726862
441167
322643
115058
257412
693428
544909
523924
630573
235337
172223
507695
836948
96354
355726
413530
247887
381022
587450
611849
233285
662536
331627
340409
220138
176878
489594
662246
533970
784932
474403
907805
357324
586770
495332
810748
501040
16161
40264
124315
4683
145441
753615
582331
576786
352963
934016
144738
324550
619928
816516
368163
396199
929308
703671
901348
358534
413125
723607
892303
163587
558991
624939
252187
511073
427705
958146
83470
469363
261732
161080
562991
78186
391474
433999
436541
307842
450014
605067
27138
882296
353412
129136
622803
1820
983760
436962
381587
261627
654038
178569
291534
608975
2365
891699
231269
97418
499189
902869
368487
471606
615936
731665
828197
265167
474987
830620
102092
974192
425506
231009
83423
49866
573103
408956
174801
796708
527462
397831
159337
469914
735568
800467
85437
730882
601896
705215
77238
397418
684760
305810
470264
553140
442115
503798
257895
876434
640143
71212
562345
743512
364124
732873
704780
879108
430461
264456
425774
408411
712797
537334
223906
586292
79891
933826
658264
15113
296134
27682
301354
617464
868020
902916
833268
439458
953242
600000
600905
940974
941631
342453
55204
711707
562838
102015
721778
350618
507708
475359
220395
387497
482147
633548
304745
257495
829141
8442
122213
615402
197951
844743
317497
20811
763875
964686
915018
413086
587581
411193
547382
507375
770530
396382
319842
812719
394317
466565
357718
982529
568920
302006
515310
649886
421431
82198
34937
502395
902851
247769
858871
233019
655439
599607
154795
787918
673247
499599
687671
218635
263883
177586
5375
660508
737067
485687
846946
584936
290707
63963
171538
169764
808503
551763
488609
518866
241151
591087
644418
638764
466441
870956
152487
520476
865508
433600
433690
532619
201432
593157
549125
541133
700382
799699
208980
204625
406261
920876
305402
791777
502038
525065
290771
914852
124764
290233
854272
343840
883909
631478
702004
886155
610706
873175
155386
260862
818244
486093
397131
863357
321514
948647
551468
819916
553218
387916
304116
983390
782470
832291
447052
642197
160097
635518
162752
524868
92899
169043
115788
42942
16685
975714
697649
573255
854488
416389
609823
461732
627262
591854
530078
716783
813905
739640
71638
892127
324768
55388
953822
626294
179939
604332
168268
54317
250926
621950
302161
371265
766109
315928
787122
11354
356506
495355
891979
437974
7941
417276
907575
201297
649451
580508
245559
140370
713993
450807
202301
234452
47791
344310
556287
811655
910814
655118
277445
118140
275735
490411
490080
42769
174423
735920
524339
826898
725930
27774
628837
848109
326927
525528
348979
609289
536446
54907
117151
454151
602127
526560
684082
519672
948746
233205
463256
314988
997024
347346
282240
818293
36999
568630
60433
899513
939790
57758
8817
22649
323455
474844
577260
806209
685605
578791
730289
604752
346211
558770
766075
313966
783480
733463
965810
153265
112878
545070
844944
856641
304448
464558
313199
540649
449478
133145
885369
408863
546786
796139
500222
481876
802688
952166
306298
402262
896176
86144
773552
641643
30814
945894
369936
82301
955940
120829
258011
840612
839925
102554
112501
364062
254953
907545
933165
859698
456244
21960
676937
786101
366098
490457
943778
798614
866655
712888
66940
109700
419442
54949
225569
591520
549073
904702
439119
380106
626063
606664
405492
163452
738624
500986
56091
824121
558821
938932
33371
322638
674897
742084
617832
823681
632380
126275
279844
221199
699006
296508
859368
952464
546952
474041
541162
691584
895445
320887
539380
759483
244388
346904
887604
828717
11411
153953
410463
175035
320365
945839
984743
99417
157102
198730
29865
585751
704561
974534
957849
230848
725806
786661
441321
61600
220493
741153
507073
498369
167577
752914
885207
399966
112554
641596
376596
192455
983112
9592
186232
84694
209269
166907
962254
791693
871406
383484
516199
983169
543683
3561
484324
475992
767421
477118
622037
837245
820449
875647
661018
296292
631773
974195
535818
971514
567541
218215
849963
808485
826000
981752
429430
543660
915209
337511
697951
528274
322749
75286
767131
212884
354257
450350
632901
597263
726419
538854
934093
541408
613447
343783
180708
889198
46000
807146
474691
204692
938404
372423
424819
724275
843876
844676
228969
5824
644039
548793
288177
777138
177559
682358
838490
737395
243767
769125
348918
492346
846682
962666
467908
808354
793095
362427
650793
120747
120451
8026
500878
773196
145181
971037
175265
25877
839508
292036
146488
591130
957375
753553
354797
573574
82867
461788
454933
401614
4006
112724
313504
624572
108345
677050
102931
21020
353234
136425
836906
359102
841277
728801
516478
736140
997608
677995
9245
826524
828240
425692
694974
542467
189046
49210
404221
927437
753121
165334
857519
617319
101049
837526
346000
429269
317118
367447
77441
224762
651758
799503
52571
873143
652424
33624
819239
192307
668832
429386
151309
783769
627447
456803
726731
945478
616467
624166
901981
683347
536072
49371
605924
500283
130901
311299
490904
820909
277412
44836
37466
23181
608652
66322
347518
282917
727392
46546
933527
958232
501380
302409
490456
326566
944284
610263
845834
179525
130894
180625
835992
370603
795120
292591
489346
950620
366433
247433
404114
617115
371544
930563
255593
588248
128181
458795
447943
361296
37822
109473
397371
236979
345362
248231
890562
391125
51354
552807
331037
510330
421009
899540
25658
719237
981225
505740
878594
50834
338872
637951
522186
97543
879501
955078
76896
78136
815887
458138
168836
203476
278372
734188
93578
14321
983995
263624
622903
480233
856150
418852
707226
114025
616791
445903
77749
738632
722846
524890
668319
151586
134012
96726
383016
844522
984563
288486
272579
288172
501681
913400
733572
196650
928861
621745
974865
124348
49980
672273
850219
110929
575211
732540
802557
162395
958296
397604
849044
438828
185448
804970
354437
8391
521907
278180
366535
870071
279085
412822
914207
772701
948070
90023
119803
809462
391283
411223
697796
672124
644549
939290
552441
235064
961993
955359
588653
860462
3889
659173
720841
790287
60571
447290
825191
763786
432145
122384
258581
646436
42815
715792
621433
175949
43908
178714
392430
962683
239726
192297
966470
445090
523677
347342
937500
451551
761425
75177
184846
968531
932696
989362
781247
286008
176036
408406
17250
236772
829172
846313
819244
567845
677105
491015
42207
903442
665039
650067
884429
755640
11791
170530
597417
358509
445223
60352
774994
672557
100418
799621
645358
481972
871233
35855
91215
24629
635795
410489
605594
268472
332064
936864
600266
395745
440459
194965
384771
821014
897311
581358
792114
743906
541746
659173
968750
203413
916712
791147
937771
735411
810844
801072
19266
621330
892832
696616
650672
953671
165760
168385
326654
159705
631253
457755
481256
627803
582417
77116
465624
715638
270617
163796
825611
952522
504538
689190
868172
841581
260092
308460
192311
905620
583174
981124
462170
881804
302149
502903
239242
602117
570652
776191
53309
552345
984374
821021
613824
486711
697140
24610
801700
370826
359100
902820
919019
131350
928152
502967
88490
806819
327790
169033
482740
584614
696875
639959
600848
94351
679143
527438
325044
793094
326609
492163
389970
49950
125870
184989
912562
844280
749664
52840
524652
522471
689944
153853
5739
643563
793052
122576
296583
367130
544474
186777
83035
581201
850755
267090
550416
746093
537226
318841
202750
50199
414514
604844
321528
472161
836948
779314
945827
503056
668591
763464
708012
594780
175306
1852
415959
713576
725952
298354
778066
253943
451388
898998
584151
161993
217930
579484
401398
726613
95316
151131
838889
307970
966174
357499
698250
743929
471893
138659
436633
856190
57376
229721
178463
619838
609001
736907
307598
134956
630769
584763
470465
557227
922230
473005
250866
935298
251862
366314
163418
625266
905207
751578
402603
956926
299312
920742
176189
75325
906167
153079
991608
97562
719312
708276
95723
387797
58391
303035
449376
686651
717322
347934
466509
557248
710635
530240
732383
608817
902333
438012
121014
774589
997241
249589
674808
848744
256692
237931
566206
406547
221447
269776
506571
703917
540485
389880
754982
149988
135844
348134
202005
2971
712816
460358
407434
669394
850709
694670
645736
86890
49555
561643
340361
124730
499720
81754
212540
308650
731151
733442
549591
540097
604845
779189
641224
979807
847618
687190
734104
214847
891435
148857
239828
354755
382818
825560
596412
598912
644037
631412
498169
443927
287266
114889
385149
68656
647369
807
516648
160302
333146
612639
27049
394559
821826
107628
108422
271789
447683
177500
851076
838938
91735
991364
461801
758467
6565
727696
341463
381466
441405
130211
354669
868322
129451
238824
665221
160724
78280
324499
2037
598367
606934
40483
514509
106039
879172
405025
654034
889504
479519
925061
377424
322143
414142
420247
969366
639766
856421
156218
140947
581519
704923
985622
217605
320445
480846
611116
532192
159953
220458
134402
372301
338608
161673
899708
178633
434958
304349
534227
585026
272658
71718
19581
747062
651720
119133
987912
24582
163605
125155
655013
828223
802481
363716
563297
875238
22404
476933
475092
979409
743523
857014
51535
378528
242011
547741
384326
754457
15146
249042
749213
694084
155059
817615
685537
523519
487635
220910
381030
100470
817051
76700
439233
176357
776044
744006
221110
938040
843845
183649
240869
130109
74003
433938
281898
516222
475619
980835
75580
114780
971286
735673
978026
410656
20651
131146
858614
904463
729991
639217
368038
187625
311834
129937
338178
314220
391645
212464
458785
480550
557611
109243
640205
486569
554663
861171
594253
595370
850859
265740
936229
823990
214404
586054
651067
260211
428972
63786
768545
677562
902221
186451
247535
867845
317618
962850
597429
125681
127742
148105
365254
644464
78268
478050
951003
476490
786929
366859
358680
750061
505289
493363
552096
888152
916609
738185
556063
242635
916705
250649
34246
327696
114945
68653
830904
484881
648047
12203
792872
147672
633666
734955
869276
550981
814822
651822
478863
326553
83021
657624
30282
199511
130236
809461
326648
891837
549570
56145
261578
605005
658797
580406
336371
424189
579659
70256
574339
75425
497088
357461
782405
286617
454342
491282
508943
879460
796415
623026
582108
282551
967843
529598
924771
314198
570835
968059
395390
531734
655116
569510
439719
14231
726588
724569
11990
990095
673884
970099
576020
478699
118055
160422
244027
376932
856744
353172
82598
765929
814803
918069
112229
743018
52952
370597
896633
928571
521146
74487
784611
29515
673703
918089
297141
202736
603067
398855
949648
502318
708401
600055
796892
709463
212819
242563
522138
957766
225883
715831
522636
475757
677505
886572
254369
262879
518838
834813
41526
267097
268008
738682
132820
262625
900898
386323
868620
848219
525407
432712
579797
839737
159657
823217
293211
514498
220799
460509
294155
534744
763719
448408
885533
577516
993397
845406
335244
326808
812298
291834
231903
776650
850361
937517
807910
858458
346378
377611
423691
87984
521596
968871
138572
881965
338595
754959
431930
279491
229172
97106
679963
625782
130454
955099
418540
725094
934493
783104
407611
81599
312034
286369
934922
838782
880216
368819
985915
947637
807213
863851
556731
115290
757760
927757
484941
105384
778926
800369
660775
289853
868315
875417
13350
84921
611902
957302
403452
81491
778582
579187
339772
818732
723684
924951
734323
388342
41246
184768
5111
491486
165120
683982
970898
106568
881242
878505
447443
897078
368885
412487
709119
521503
858511
617057
213618
833745
926319
364941
363055
633631
412396
337833
949182
386194
622973
799842
549651
586314
318964
498632
843163
11149
703539
487902
586870
598567
75792
541964
372828
445111
678434
339795
781058
58944
985850
588019
510579
627541
787089
44873
664777
656973
125720
121129
384149
605122
439857
776259
614754
620313
751935
754030
511840
532500
520439
619369
644082
809830
680017
722831
228475
908875
843454
465162
436703
879945
708233
588995
496107
562654
519929
526164
32887
741489
964302
502284
138360
184411
400545
414981
710394
739166
640693
174577
810170
345594
418543
414774
157958
370878
803668
498192
949196
86532
228096
650047
684094
744938
746633
793012
474304
137088
144156
887160
581056
98820
310075
969546
55565
529522
907102
363820
107784
802275
367708
388009
361666
642426
914641
269
520324
944966
260935
655941
243073
921266
787546
785097
270526
806172
146028
329804
458702
963342
314042
561918
62483
112742
230179
581714
435359
937924
859189
906341
328527
174487
357833
3268
923642
100412
648780
377342
695155
942126
978612
580679
78065
10360
698503
406429
875578
495723
656104
809677
669960
55634
115366
809371
746352
929192
680003
180484
791169
737179
913124
610868
429428
573681
709751
507449
432943
99575
258330
68847
852080
465577
770506
678401
833931
845284
927389
901257
169826
816806
964698
405864
590342
335768
580262
198660
542717
47480
324857
181543
588603
655236
872262
246900
262153
454369
720600
421622
120025
191582
400078
71090
64030
104938
766714
787666
503813
631425
712206
589729
774729
142066
456177
678548
53708
457673
238973
758739
763947
774871
664934
497622
422620
487965
736350
886871
823081
746283
481642
401753
447067
16702
343995
185100
334821
123708
14229
255110
998828
257106
556591
209742
69565
670492
870626
583115
27852
106040
42720
113493
411269
38267
450244
753225
904165
334535
596153
788328
78174
177075
834475
855910
583196
645405
950715
844109
93162
930809
315723
101766
403778
60590
514654
610271
17962
956506
917624
270089
307421
853488
366220
841660
875570
268997
919234
746331
251344
184840
35832
614060
771104
295804
546722
921328
267288
350902
287544
779049
440451
573197
555588
937226
353906
581729
158843
593652
524959
150470
599187
520822
900715
112492
225075
523357
290052
76847
401422
11020
900480
705402
872141
106102
444287
90066
851374
820334
544908
498375
813208
482880
647000
230809
69117
584434
561533
261495
678914
916645
439360
346036
506806
505088
849020
668537
358290
837792
557317
903100
249855
190249
248851
628932
346485
591208
209330
707589
252813
896921
89363
498941
849809
198869
86952
547329
755083
76323
378862
839450
739715
81807
488500
519895
259182
540963
151702
304635
607127
762205
438424
100008
933552
905395
651320
677155
357947
355826
980968
112140
498438
627582
429250
75622
119453
932472
595142
96796
175775
424124
92303
872938
407017
775733
287987
300817
321803
443169
587204
174747
384807
285895
406891
332803
389574
612818
514148
960349
231306
913157
926559
495084
273758
75196
423757
828342
975075
926502
623340
318135
195001
398174
847341
87387
212031
464645
932379
82900
935708
854366
271917
737955
938911
933610
544590
561793
744867
217108
945089
966852
676033
743017
15517
121984
132956
131539
769987
935861
903598
870814
916060
67779
640462
978224
706148
656998
252772
320255
255600
771913
895205
701601
145744
779029
795465
443773
876871
456871
125370
219768
282347
430999
926604
88355
660350
308880
776687
649229
9325
211952
901310
948405
194127
433722
35445
485953
253685
893567
328897
847940
630276
666677
795242
475097
549415
166409
243843
423159
559772
323365
382587
287941
288811
95021
134143
948314
415437
999167
719980
806914
395133
540908
165554
613982
371894
686681
22430
33173
239963
961970
259404
631691
506323
569433
211826
940184
146349
477229
663994
575575
194523
152899
877534
981479
755543
896874
145164
127090
928601
42016
363406
574682
236901
250902
578612
930474
47383
190938
410644
351949
575858
798089
129722
424825
885076
547454
315697
542141
897621
35200
13180
372719
191928
804124
282774
179805
181161
256431
470996
378215
998147
733699
199467
830069
798229
227010
271726
919434
200084
593617
551388
793027
699951
792567
57535
722943
210831
684513
954974
129152
453481
583897
281876
877001
846582
834331
279523
767980
96060
176980
651379
367724
597975
356989
37804
266998
688596
662685
367948
417003
718086
639383
953563
534575
675139
384879
560534
900950
233801
444703
253816
805952
789744
18427
919473
225787
603226
518135
580534
153850
288984
485722
715408
733146
694304
783228
549664
15036
616180
336222
467626
204220
129725
206325
693082
141006
208893
640669
372928
157485
138888
181341
169449
876601
224847
951508
67286
342301
892331
77325
709990
790567
966339
120899
889591
849813
96574
602255
964242
474206
244737
735027
414449
744122
64763
72224
318713
972787
168730
824744
466876
465621
182827
477529
340751
716517
565727
795204
432841
465237
595487
863425
877747
38222
940474
827771
298660
507078
504833
384124
745381
827784
320049
875663
790763
16821
167789
326174
146653
152109
845623
967850
297108
353493
312541
561099
620671
13265
115114
382191
621874
572368
728038
237255
779611
662451
465011
873763
371464
692841
284829
571979
690797
972749
223566
637436
936138
877811
274055
292792
348522
188977
577020
923223
977010
633986
176693
581431
230710
487919
528148
204676
720779
444729
216999
801095
119450
699205
877045
677035
792001
834720
887175
499689
551644
811587
728293
303750
157859
262101
818592
703185
371697
808864
148059
99425
496390
747646
74507
849515
970847
502138
94564
370727
114467
974886
527387
186124
717055
117065
619091
761209
497005
698639
502332
676504
313339
342002
704226
658796
977286
464186
376511
90457
349086
14177
824321
261713
2140
14325
539612
585868
185938
916370
574776
558719
184671
567342
679031
217038
903039
366070
726790
242955
630507
534657
577617
824681
74967
957467
355231
686067
514776
893826
923145
865731
602596
302406
983152
299387
777713
407642
98084
360198
961528
726864
504116
506314
61036
313975
87513
343177
920166
10542
96432
524083
510499
173111
208295
170531
521266
652231
952312
448064
60822
261857
537263
579903
152869
817437
753636
909446
521209
790693
944963
259858
491391
975656
775744
462139
874933
875558
415082
68260
728148
269961
749484
429954
234254
854725
70837
187365
463966
762108
673742
186755
593630
77065
859091
683283
209111
81863
443461
533374
513965
855360
976077
55302
976435
591198
670245
30448
239923
727766
688887
926280
748008
832295
680544
313125
622293
3580
364285
644350
343170
367645
312617
339077
949147
376988
654585
550760
857933
271585
457417
360062
359786
423022
987604
156615
229856
215247
49695
208632
906832
282915
984147
438117
729766
904574
927698
377960
702024
418053
623510
345448
787465
432462
975774
709921
528102
780567
980423
804203
727817
690261
821557
862097
435550
107199
539879
152589
560799
177900
402057
873561
447720
673041
624553
865152
96668
790157
388756
533210
848701
663753
996117
657413
617944
866547
672961
530477
274042
852901
129428
994331
619254
189254
1907
929322
794975
959009
554980
598486
247418
852647
459420
458889
13882
655037
577662
34031
114814
23454
681235
634413
698444
134867
947754
339830
977811
350351
104487
55170
236103
576171
89480
544792
378154
165298
639803
570164
11827
148331
251057
844994
40283
97487
718664
915983
648822
809907
948524
307045
234915
900926
846953
817072
642371
238137
615419
563759
686455
911366
321351
706773
564274
414835
418394
423564
268488
294538
429974
393794
253231
701541
341908
348054
27169
18785
226666
630107
938720
79185
515003
948118
416081
493241
864038
442363
813831
853412
65806
738396
907256
618047
695886
784379
903347
878228
243816
705081
368576
817848
556263
743796
463251
393783
535251
65526
267728
571770
924151
357427
293017
404744
967643
597979
251557
390321
32488
926876
23037
214997
748662
594182
76226
94654
499852
356409
130992
245255
412177
858995
708025
595442
808517
849743
325237
277757
412307
158189
139438
762758
345992
534479
519481
404451
932609
175265
264734
40567
110567
198513
384493
910755
349021
297615
823378
574915
200743
701360
782314
499683
535580
519164
559235
789372
631096
311651
197980
48009
225242
692154
888759
289423
222469
165201
830294
605697
397964
752937
717345
795617
455753
395156
235884
254890
117049
464762
576463
233467
459206
239098
756249
51573
772343
607591
408975
620678
964554
757959
685998
76157
346361
195298
719914
361432
539009
931112
350185
338616
246769
363867
508329
26657
177059
396067
922475
918466
840120
413713
851587
533645
753471
569741
658157
156077
433628
726894
396995
934218
720149
589070
508926
939178
703168
222624
203795
331325
434175
91787
781472
573765
764175
676341
133520
994940
660832
767810
977437
698541
13966
239156
470695
963302
610090
268684
907037
472432
219529
391355
718893
514807
8160
315191
734565
327693
197758
110091
988878
390841
223632
248789
964164
814085
371446
645325
931242
879750
64845
216973
815008
672446
671660
172752
384969
289747
783365
76309
949299
299517
827783
423382
398821
345404
359120
27068
226515
495925
986416
453685
310678
859763
159968
852976
288681
809553
119363
183537
278824
36873
332513
229659
931277
52409
242479
691513
871845
163738
758037
176025
589903
302997
33248
336954
202961
403608
621552
519366
349711
278461
784145
627727
623629
876285
714383
960090
829520
201253
339406
380112
81736
934032
399966
199041
218993
869047
594707
307662
647035
859026
165603
345621
738156
209207
749792
654652
289490
55792
864777
95289
826631
49292
26748
468543
858407
559914
179632
196947
923597
685277
145770
806270
506184
684076
358690
162754
2739
216815
351866
312746
481360
87401
827322
130367
753571
720138
828000
753228
234136
173564
690627
153648
590462
278491
409937
854753
680186
115075
708443
729182
954836
689996
50769
457429
479279
63443
639345
77006
256541
294844
343563
186353
30995
193269
15983
165259
803675
654910
617347
138559
213203
494460
185654
148346
865374
719201
906756
318604
245798
498304
241334
986931
296493
208837
923889
637378
735688
554518
196229
14279
487761
295612
491292
602272
709563
320939
698677
752548
503565
342395
414689
433162
58278
257883
994949
849481
970393
122154
480476
286440
761713
882675
988389
382145
172151
796575
774897
687800
144268
528746
902085
410616
911353
188509
535514
121425
538628
236899
893159
353638
89082
788311
507907
20930
481470
317609
933632
565007
46682
899629
436502
809337
114014
857918
431022
40967
311254
517196
277108
803161
48738
690145
882225
808651
154537
757856
825814
160296
129004
538148
661446
855187
301978
215888
347936
942366
917172
145983
150302
747444
484403
244140
738132
559023
903912
59969
243822
391650
919942
635277
47166
618384
371896
307461
240965
763620
762914
511107
443119
984902
852315
566402
162929
398073
583097
538382
868881
251073
659811
169269
157421
757743
83386
312099
477289
185362
784423
879181
370167
867433
377808
981396
689454
411632
872528
61125
716823
354407
815135
166617
943289
414135
752630
182102
384065
217147
507867
626818
86122
45138
567588
270014
675707
605045
515601
740650
661107
947214
442254
913885
925811
648430
371203
680612
771893
485873
891910
592504
367906
623013
758278
596200
423027
590318
210760
764459
580975
865491
272712
484440
370549
111618
382279
608343
522409
269285
254002
628536
96503
100110
807114
186561
900112
479992
100967
822848
704032
229251
209107
820239
591176
274108
304768
770885
681172
718399
264961
442366
359815
197107
524765
790590
251970
10128
465753
208252
18311
836089
531457
358296
147999
789785
137925
226386
999295
313220
766442
376885
905514
768922
610400
273471
638169
945601
96687
358327
716261
447265
934103
266496
892428
12785
163820
424351
559547
888424
525910
886157
433097
507136
955918
952775
208363
438651
274018
893383
232364
306001
677800
185989
822484
927455
448581
651149
982944
728970
562893
349671
588272
369813
686930
532595
863927
496807
472684
926162
650507
383082
115439
896355
496640
222604
990512
243955
638969
975095
511436
274712
507316
52305
493183
684868
937361
531327
248179
138198
194863
889704
571296
874186
614330
838573
639392
336542
636671
814157
578826
279048
705446
192966
956740
757857
999716
253878
369035
49063
473754
897842
321497
28909
998514
263091
753675
629980
850344
305744
429092
998838
394449
945139
750155
702779
238960
286425
243499
336475
181749
273775
328707
239325
585508
714288
659862
883379
430748
298009
638648
426437
390841
987920
612410
183559
111793
663295
505025
826848
445054
73424
478147
83201
906656
975707
103872
376386
982102
105136
424561
529848
676240
373800
92380
870819
415117
826104
381754
915821
688491
659299
75590
180266
968691
654697
721216
522834
195508
674896
303300
674634
197787
315356
395211
248942
234300
153937
19489
575083
794021
769600
688068
712234
147987
769449
857676
223758
254264
301195
559136
952919
682061
509143
191483
852783
443855
225287
657962
286906
340338
443274
977602
179786
384718
869412
636320
121526
949147
209922
966220
407746
133055
475472
743796
29697
475758
356612
467416
598631
588015
357679
712994
653577
659643
343828
860117
322606
860929
144865
311717
341306
568523
686100
348999
413154
373748
629754
409514
934099
351128
671250
123869
344643
292013
546253
964741
693153
814725
798670
868955
605569
538806
691741
359117
462941
554576
256091
353880
665992
144302
111958
568407
973179
508536
286255
571971
380528
132564
791167
165410
620218
135666
502606
671199
137893
492598
169425
656385
570575
95531
9634
849393
166861
728697
957576
24755
532842
377570
497699
954498
945581
44679
139917
950780
679816
641789
632732
284231
269406
295186
754789
978123
452455
954606
545711
608000
471920
837666
810434
864955
299829
999130
874960
443714
475892
680588
998722
513378
908361
173167
684146
108819
890473
120123
789003
360497
834221
874730
933360
217095
868289
651091
420927
358367
273827
184125
432378
522294
536533
901110
56766
441297
214819
308077
791870
570274
315696
217438
442881
174397
662233
964184
858181
567471
593639
628054
442170
992416
677243
403974
170591
352078
909201
632673
296655
933177
603317
312223
89175
27104
953687
500059
649718
227803
957495
770853
804339
290453
772874
344704
143659
941058
955002
136401
36381
312099
370586
288080
930187
286591
474478
315091
962547
477652
689372
770680
396382
486265
207334
804983
862578
131374
993902
63685
462003
916970
859592
703590
42025
677716
332163
899877
262123
461986
175123
605217
831373
362158
526684
359395
86384
635757
957591
752898
772180
39258
821912
200108
820781
511055
562773
387601
935335
533220
224600
547118
898334
439091
881620
320517
660894
201803
529469
671490
333095
780336
539012
335796
946225
490758
817589
685887
228474
715414
216064
780259
749928
180653
535784
76497
416995
225686
924251
768622
75324
983515
342732
718372
33176
440457
377423
301296
711332
771822
424129
402492
427086
690179
279312
627282
654710
943843
571200
683710
374283
215711
826733
233876
475729
681478
334893
376223
264751
285720
712283
844382
709984
983737
638397
885036
53134
777487
715253
806984
150616
294280
164532
387860
533424
855758
900715
752030
136550
412222
686344
229446
503078
622687
304726
174332
697630
426375
203143
559532
51620
176812
561717
507138
168961
629049
966903
38973
97736
77702
378238
305811
922969
22663
958531
366019
179125
212963
129220
722849
577927
732789
692452
533694
869155
954906
934664
704814
576229
125659
946518
709641
920030
935557
963891
544029
376953
345063
272236
891429
901813
927569
121837
79885
111054
268944
173809
128578
670377
698617
130818
237125
155904
88470
317105
830178
897065
507212
107228
937165
329586
446625
797823
170166
854949
800899
612203
671711
996068
428859
120703
753325
343780
570630
104001
121524
717253
773408
144193
374579
76761
44208
987954
887271
830240
34791
682865
789380
52838
563072
478752
350489
857291
261064
972773
177766
915323
41047
311419
522528
394559
413303
640176
503771
914316
266290
422242
202719
380748
830665
741605
820793
266717
43100
211751
589896
625673
47057
73463
915873
939720
495536
89675
317973
932940
972292
249707
469332
472180
513408
872344
903399
642878
398770
682132
380536
984502
576286
682872
301923
406771
974639
303226
303868
40200
805603
107623
395312
878855
512857
422722
246854
374196
202527
890210
875054
469382
54190
40551
171252
963999
229670
360564
292974
143549
294234
322016
187497
926573
359546
707539
108352
886879
423448
519202
323122
103748
121732
265838
741209
994770
725379
646372
675344
739297
536889
718847
952643
236616
271364
21534
528630
588613
348681
916856
205793
747902
2289
927389
837992
922775
439845
794034
886171
869913
900366
14914
332010
566423
274717
909560
401644
333483
321770
953883
94165
316839
900342
15489
369381
75446
137101
160632
495451
19029
441795
551611
335461
512197
854557
94084
191506
989317
530760
75764
990780
147398
437636
89796
719252
102418
327367
220397
650649
16991
603299
696763
239572
496098
8360
425342
239889
650704
247044
540446
604852
458612
890271
564307
470263
923271
211668
831309
844030
775724
992117
726115
346580
376784
538148
723441
221025
120494
4232
201919
373601
613915
914216
415468
354666
545412
101762
473550
204654
232160
13397
393330
796619
829191
386789
897898
279725
500536
81080
945714
134061
268450
496039
392328
122058
824290
45358
976926
642790
446874
700500
55223
613491
285461
769443
683783
533164
877675
620980
963536
501864
993442
735627
509963
234197
403936
990228
838537
395389
868535
100040
275813
287087
957448
570295
524998
877117
36105
842274
394340
158961
153551
9185
473509
836957
805699
496144
505992
681799
237345
167505
520473
289694
766034
460705
25167
690860
223833
794645
470733
249642
400542
347669
285860
382642
862173
160851
550110
279523
115178
448357
646165
381869
594049
614167
723633
150292
970109
236531
257683
214185
694032
67019
560451
789534
285630
697399
688813
954829
744960
632566
857872
481526
494355
547198
910355
371155
492947
162898
958566
268667
83435
651776
154333
402124
126841
507746
610514
893211
978090
920376
782958
691767
653462
274225
301311
548447
497111
444546
188009
724301
695808
138628
584533
1064
32450
295599
201205
378194
749734
437126
239316
781618
910390
583739
81969
97457
287292
894369
121446
276938
70915
270311
610376
852210
721622
436898
223823
187287
676336
113771
778227
204333
6102
668936
381262
333274
783322
153361
103432
424944
947190
527481
339060
986009
24310
121380
454333
297833
794993
759354
246386
999662
157016
656009
927780
556523
378525
338537
76670
562211
527722
417945
903878
223381
36452
466498
572447
261855
549656
799367
857306
866804
756442
975541
240748
638480
822743
493634
186752
253938
2558
585198
342687
433641
670722
488863
177052
671615
467107
696200
660027
711408
718137
500936
25893
151596
469406
876260
408859
960423
654766
253815
530447
269869
316665
465665
340112
444472
726601
500255
163915
448667
328315
570013
925629
756920
284477
405650
422032
369314
856073
241561
772842
88912
681637
464403
345806
819504
473177
997140
480886
408412
815314
284411
319292
663465
687070
213410
431383
782689
365278
147076
356754
360641
878696
17573
134205
875499
64559
849067
726497
433457
516213
916170
751085
963094
533507
63600
514107
846534
388641
471171
729729
574992
107355
102484
387960
826816
381598
329406
818967
176764
802753
919001
272090
992822
1178
607455
437130
32056
490064
259262
594392
274446
322728
40125
872382
36616
92256
987082
25307
999309
80321
123792
922371
867755
717705
982318
502103
517453
753548
89203
176576
315369
890414
79863
162138
280407
138656
662774
87231
134361
772463
470844
986573
892019
63073
331930
45351
911412
164136
419426
320281
260966
587069
34221
222914
89778
797809
307159
974823
76292
507442
618679
408770
746515
59153
644954
211858
287077
44080
618521
593190
878960
848957
656487
928704
100987
228745
435152
186678
149089
340709
98287
20180
299979
385461
940281
765351
180333
940269
434079
723247
687690
152476
680847
183317
652376
706587
255602
470537
42550
762054
825816
83128
799742
514520
849365
58264
617495
415360
245799
561550
205356
660649
991406
235826
859555
213658
12224
304823
402397
324250
513102
282934
35731
954204
370048
555035
643473
878365
274104
198989
155634
874575
276720
304392
318479
275186
53475
247001
659351
334322
470991
141743
565728
451877
457059
635931
407737
653805
361545
478304
948503
535186
123347
456577
514612
617355
235559
611198
347226
527641
169469
151622
831937
274303
312001
75474
545510
669997
225963
549742
29987
287035
392796
726390
276812
957217
961125
151192
321594
345377
375050
56459
122109
481128
42287
650813
169205
619375
177597
346025
909075
3596
932880
212613
850908
400338
413909
874087
548301
605968
555702
11161
250576
898363
768991
101440
444173
256303
944664
506296
309379
940649
938026
139838
989875
31701
103272
662005
205965
751348
229807
3291
928004
169407
294057
724371
147699
380139
98071
494526
837905
708435
754762
706545
382274
359201
749437
219312
408761
32315
566309
823396
150626
504738
165828
448623
144207
392692
930794
18973
704622
672795
867566
477698
685187
858278
518385
663483
14476
171900
651048
214280
76841
338567
162926
461396
4434
195197
453988
733506
845744
678812
542615
297653
902212
163537
79443
578217
731208
894052
120172
512448
713510
182497
361992
177808
968819
55290
994054
328283
804801
215201
47730
947667
453156
944604
439363
282412
331580
405404
390672
697324
370184
945796
283937
322236
303820
498125
877046
125767
161631
232810
986069
247831
596303
110669
736713
224575
202637
459016
611906
312057
876079
449139
887456
43234
130480
530917
342522
17662
298480
757892
149589
100646
597383
207247
804818
407387
394746
986222
818697
826124
586336
10697
987418
517464
243078
474600
357460
129843
855277
954624
69396
477543
32543
179486
675172
716415
367337
872776
8375
406385
882990
366308
881294
699399
383009
326284
499867
255875
2431
74941
579823
339090
636671
385774
60272
521355
856658
76225
693627
965646
796576
831566
624989
359124
208877
940992
979441
952725
722492
796092
257615
739485
650913
265028
395737
840102
629811
925944
367723
944676
291303
152582
999733
946591
234034
26434
551411
650313
169929
635399
5330
673129
66635
467865
683615
386706
834767
995281
270761
579817
37984
344304
589407
880516
972129
79269
354535
31867
270423
162158
299378
348285
773818
845728
82570
571664
357988
877908
111719
235281
339550
900349
69297
161477
741122
887114
317215
824106
816300
29875
900961
183512
843009
92903
230438
290293
160380
17055
399927
793768
293924
512494
31142
310188
662118
297368
953972
27636
608230
262405
518735
416332
239313
996702
889121
953244
640366
500558
8030
428165
515047
104584
732468
708969
993839
863820
420381
927021
372708
154818
543836
168157
235839
664006
139159
933557
682016
829117
423990
154549
175117
373271
697380
87508
390636
534054
123150
469288
298210
960295
910668
122634
75968
96396
852079
322941
386062
413304
237190
129584
261081
724916
780207
53880
444419
773509
485926
162898
804363
286248
870336
803020
677326
820932
704803
125146
337264
643136
993824
974129
509104
635779
311589
558737
492448
789637
445392
959002
518146
537674
246959
782153
447141
46016
743976
982582
125325
682974
621531
909949
255088
121865
555659
147617
42727
302516
72505
334226
968122
667019
226825
193717
42646
712129
204337
278103
505958
128556
201190
597378
47132
381269
579121
351470
959956
113936
705915
287575
183632
283025
293893
83687
787186
707783
788090
88760
756385
284860
670308
575321
750285
29810
936742
905190
540131
349105
934408
861383
339477
904825
867349
77339
904282
879007
528024
891011
758997
385517
816870
849383
629372
767052
373955
488538
633609
822951
54566
678621
981500
703182
196825
479492
22661
377855
991941
167744
985014
704184
63581
163502
91520
298607
403975
935007
721066
641203
27768
847629
273757
614626
942273
46513
499398
153757
336682
770058
948326
789383
639099
583769
587375
994641
699935
658615
838306
207917
643797
850545
356037
528745
243928
357645
848572
231757
767448
384875
486292
678454
733465
771270
577788
519786
754215
606240
541849
347968
623549
66392
973350
958877
650625
292913
816618
1212
332921
135095
603040
580492
720269
833193
152504
279912
275204
475515
343689
624779
40889
972347
54199
503686
124094
430354
410953
218234
733202
388980
114771
105367
13635
586734
127762
767183
293348
751549
184023
917067
582193
680778
74291
720854
376537
550212
839159
853783
813026
359636
930537
604337
341459
537470
820235
796326
35359
521988
780892
117095
658693
33800
84378
545018
281532
651657
791391
723380
173834
993117
888306
947803
748071
721445
89851
910402
177331
694924
343945
576665
485136
720450
379796
199516
786367
717698
389253
748013
140034
45734
271487
86702
887285
922686
586986
899673
128654
776969
652393
404103
586868
512027
521782
602326
169491
862050
866216
74215
630785
490296
668192
315884
114704
69947
261154
176867
163179
737551
645975
489036
330608
406441
711133
204518
642486
637529
102670
493873
710914
289447
957112
787013
304277
437533
11553
131668
917286
428297
711314
995523
387403
510626
999798
61578
572497
435477
711145
661605
173080
307467
452029
838185
427089
149445
212806
789558
131716
344433
694698
258024
300880
720952
569300
838776
18225
823797
199334
195107
426103
225945
610487
265252
964174
485582
814203
575086
180036
909069
932679
254520
279509
710698
568925
8480
385253
269795
369686
124331
149044
119769
867872
952565
469015
432275
205523
884466
291075
950718
150824
460160
301580
221692
930014
644444
733545
251315
644188
817852
75859
339022
261400
934859
660707
489499
483264
565767
836071
841848
501116
600039
28338
173262
436549
837052
461085
501661
354784
619585
338850
7665
7354
660914
670163
765628
792505
832429
154452
948295
326629
199234
637187
412452
201879
37098
698096
545084
184952
745988
801222
584024
321068
326250
391703
975431
987234
298030
676278
3824
667930
506449
512284
890492
551765
406694
339208
844946
576184
913694
917511
917038
491213
965112
577191
159813
917160
927966
928849
11310
276187
373446
615990
632272
501574
489824
920361
918614
634291
340657
700496
68212
737725
743426
763184
331347
140262
66521
864467
330143
253840
772874
233025
214156
759132
476554
365653
203937
238169
939717
355754
999841
374834
461581
556231
965939
199454
528077
170636
910820
639986
639368
243198
673722
105853
71313
374859
739785
858962
307140
174583
950528
905574
794440
354075
164360
932524
254179
796258
849428
291589
407377
373793
11555
954558
807095
229691
240756
91508
497857
591016
186882
382890
778431
184545
307241
85507
869065
916596
460460
940468
183542
402708
331485
463530
274301
690694
581132
870954
314567
650221
229914
313271
41717
963230
311170
169124
309664
655676
379998
425171
797998
631963
796788
584253
999472
436655
574453
95946
325035
932074
597675
725219
615063
850635
625372
301254
354078
475003
515609
250629
351715
277551
891536
480016
322466
348340
500647
10973
623179
714384
226415
575441
205358
136
417062
848550
368193
244944
297865
244198
540029
244323
712528
945713
453998
416398
408380
735891
584988
660550
679590
317863
89052
649825
679155
96872
338372
737141
309652
527299
625858
377242
259536
36358
431190
343932
253648
161691
975564
911871
637621
460404
611441
297344
439372
967442
428567
27374
413098
759452
969425
6515
695839
785873
939752
600000
688436
886866
151732
639756
78467
56722
279760
503491
647931
31394
346644
375510
111235
372697
308181
786026
934187
786225
919680
414534
588173
3519
319872
493591
407110
482476
319879
766944
62728
158069
647216
576785
590429
422060
321052
40198
574725
183452
195909
952007
561280
108011
160934
538204
342869
238957
435357
573281
747666
103336
781036
62004
344519
779124
335018
717085
266666
598527
258985
443495
720973
108909
982204
353492
860759
109164
301165
213622
146281
198945
192435
435966
886752
226881
486272
573109
230010
603888
613785
444508
388384
307762
495295
893032
766303
916357
806171
776330
358481
212755
47582
232205
7282
939847
782061
334672
611865
223198
607180
205654
897439
824662
82540
196006
152970
591039
818720
612962
592234
917351
973939
301112
272533
263630
157189
805375
576242
280109
740550
114482
507378
416564
934182
283132
931040
815676
173209
317182
686844
926095
12368
179940
571735
817973
451145
809280
275831
392892
434433
301125
613911
628799
669515
101714
603802
698087
332498
666582
981312
435470
164387
252579
432739
46239
946793
502486
61970
519603
291963
347629
250024
911516
675227
626576
778915
843426
54326
809668
450337
968892
83802
702162
849352
689397
952944
939389
235604
894196
52827
243616
599250
961773
352534
828321
63387
783279
719024
505881
346855
900440
312196
34846
991001
931051
81666
867539
331923
883805
839012
825421
574949
894698
591404
254289
521017
767662
951060
237548
669837
527253
722170
836808
353662
655670
851527
888781
288971
419838
257687
558510
367154
141461
537330
519217
980874
225187
213337
946705
294743
80292
943595
318819
270938
617635
956043
504804
707801
917783
733431
132507
71345
579871
644585
573580
313305
409512
305066
225775
376095
82926
75164
428207
983187
81797
884172
770105
317261
741033
432382
785785
908164
652402
23259
415178
198616
871900
565028
493046
259443
127872
371626
666394
675545
721862
637693
104605
48107
715471
97409
636522
970377
192025
560055
809487
898832
165271
604423
162553
235988
654219
425714
177973
108785
767573
329025
828272
391387
694650
751801
91444
659839
486509
247701
125559
830754
747000
74499
665069
407311
391069
832217
164451
742139
937981
250777
916748
145134
473691
195850
773351
895608
304528
750010
544930
510054
551928
249721
737819
837337
872276
17207
869081
248631
82423
793261
496336
724687
749235
564820
174450
898462
102075
716752
237510
186516
700702
143552
178076
23362
757439
492253
213034
34784
26789
691864
137571
198540
88971
695066
148730
918844
909076
157531
47364
12413
288362
883876
662127
703855
319959
365967
720223
516245
101271
550512
135567
463356
567256
869776
403747
796918
189522
117121
678464
694620
696141
347887
405966
691435
425447
455730
256809
891964
185509
443389
416897
18828
307928
82470
27002
889864
403908
232917
106048
792269
105423
45801
493626
82804
511696
818875
467280
603324
77822
62553
719609
154768
892283
682934
538597
718119
858266
823101
951174
612545
185895
672443
722997
978341
804666
647015
758566
521700
765790
408718
93842
438293
318002
624420
786404
339273
346893
900808
298211
860880
283191
611794
62397
337717
897589
1550
716641
925337
179627
406892
829897
501095
600290
752758
461212
940502
623469
80982
531955
923651
942656
181491
758089
10330
166999
656411
152771
34693
56520
583338
528075
654151
7062
297727
768637
817269
214874
465910
346681
348866
101396
618356
778862
639784
963234
251488
666648
250490
520103
220685
212612
479313
269013
718686
319439
848436
929354
735098
597599
546434
802394
674187
76074
753500
231072
707127
248868
162899
873333
74008
699607
665667
937437
321433
929792
17128
729959
871846
798449
309680
876859
86230
730993
110668
863023
748799
662900
404451
998045
816344
670713
897328
59122
710724
479008
355777
263947
817173
573272
50694
781507
804606
911867
650456
789799
176406
717854
790576
613433
615725
753470
861265
155441
717168
729150
383552
667519
419567
912979
67505
919111
546413
527077
255494
590057
242767
883245
10050
891111
386979
963974
202110
786045
607900
881775
79350
34816
423918
874404
890448
259377
1262
557047
780486
210148
33028
726492
621029
864882
104562
347123
50311
869519
24663
178180
130382
142912
594188
450011
415872
817322
725838
827244
865793
710991
917250
835973
821893
111823
158917
628323
145055
382211
858633
220097
689944
859141
202460
445063
471973
299642
708229
160052
250681
819247
720476
316726
887979
904182
721101
19331
2704
946058
33527
560568
595424
549767
667859
295512
899902
88806
330714
203598
892327
381094
192019
710623
840311
153846
249682
524322
265731
95136
122464
175074
416938
297186
548004
320515
733832
794639
854738
632852
656218
840293
832466
566478
111567
825644
711295
385286
732766
841697
639000
814451
359679
558967
399217
385679
740662
647806
18887
294607
136494
986116
579541
190763
232962
25630
86078
934716
448925
335234
936911
978609
429504
658455
573057
424368
269024
760520
247712
18405
421179
509486
953912
786657
212157
289999
258952
83161
411361
640097
269973
871003
833442
723569
386710
811651
953852
744572
760643
91055
686516
537398
931440
273946
425249
317037
346574
275177
757765
308886
392164
15263
337373
59969
565824
320048
608104
818000
210646
4964
458439
210351
439624
328454
881252
49109
319697
212610
844090
721129
656418
504125
933806
461344
140506
998380
586841
681564
448187
166597
545554
383311
38109
772233
561418
562225
665577
849742
881425
73667
456497
274893
635997
197716
502987
414518
868034
789343
761495
678866
924862
212407
849083
570612
746015
135155
551149
351048
542982
591134
696688
975223
292322
271080
852686
94635
764949
588120
954554
272606
738363
321623
804746
373984
671624
57900
425018
872867
978157
789134
598734
808696
208431
445976
494399
640865
791217
676020
732050
282793
348669
765577
132407
439275
218044
980542
444532
143720
233513
186409
864035
341022
978494
156180
405461
823659
94307
371361
614234
399202
644408
546128
577752
532023
863769
52278
680189
175379
617125
591339
485562
654165
278160
558821
5018
732466
874706
268071
199699
268620
822603
179102
856611
162261
713675
642268
225878
580872
157448
528917
817932
739504
746903
300890
245147
822175
189543
823463
552489
396688
495831
39939
476596
666831
954380
475950
557571
841681
376098
694697
928600
418948
304965
310028
896110
237260
907854
13595
525557
978810
906277
331567
445550
218183
553675
506329
696909
522926
897446
760273
740697
992895
791011
564543
280899
128402
477653
65410
122908
903920
211206
28878
508280
888039
802967
1341
517855
686609
920459
908981
98219
673306
330221
392970
317322
997243
164653
125162
390675
309257
524775
683472
210230
606190
699427
1457
47247
135705
420275
864176
572057
404383
751008
877249
350262
282008
547369
253244
305597
375285
984887
58225
461696
389411
190877
560819
371166
596661
275129
137426
283663
217849
589873
228882
884987
708263
445177
309928
376552
60165
978954
205897
869542
195440
431025
430123
631078
750273
917229
279816
49350
324299
541299
276851
300364
539266
384869
198287
938606
377860
278938
7363
262384
256845
694755
367456
4528
608296
893627
416278
861693
423329
809603
730445
40795
909539
671597
202107
570400
548358
266937
849918
49029
136844
740756
80753
291453
152077
233152
523350
371457
369426
485335
303491
240758
43002
727190
88610
754337
782597
989367
238036
144638
664232
543371
215878
646175
444870
335026
824341
776736
104378
660654
759230
532229
862722
379856
450852
350443
48793
259038
826084
808350
859757
329140
624327
364193
392847
350736
835871
551651
937987
515025
10503
982026
337059
170762
318077
859150
448804
615831
259496
933
719906
779484
904870
805367
42323
574701
764725
706683
901059
390510
311965
510453
449755
862414
894466
159306
939312
10877
278964
636347
646271
802599
78429
104151
458470
527501
130004
343933
849586
844279
356271
176254
772618
682510
325468
45906
624458
75609
440511
715515
778949
782677
410635
946124
981914
245957
356555
13240
968800
115569
239587
767677
222862
742587
509575
319270
901540
451659
946161
949653
17407
828359
730900
428069
650360
1433
11213
587032
749141
765118
234724
731819
685943
151862
228005
907592
327413
417480
315165
59031
866646
977411
170383
504713
563306
973579
206451
593934
982749
587129
868782
908517
113354
60697
350438
46777
183296
149529
405865
523038
749776
771971
895581
385311
364818
598210
733066
506213
481395
29894
309103
166944
897056
805139
308827
555366
972816
653300
677764
327894
342906
975133
202205
163043
749839
495829
172297
937097
390238
195135
994418
475176
524388
858437
429580
217296
811938
423342
646471
422739
712661
573648
459716
532564
34343
713001
727509
373189
10369
276884
322939
978994
830720
527640
406486
352390
169807
598744
704966
250472
658312
106546
223658
575892
424539
762277
905214
45970
773958
654211
738385
700430
657741
642397
75630
16064
985206
838358
381633
115335
430516
974591
571823
868598
680124
903056
276057
260264
872737
686604
452744
112700
371942
512903
635659
460258
686674
169351
234026
3864
315454
594610
313491
347123
269843
309383
942201
228980
506854
450194
171844
587364
703403
159327
949670
261478
722765
865600
826435
481133
311991
435532
967944
426338
970562
979968
970194
770670
281047
79922
300512
517001
218378
425694
327815
407350
699489
417939
230540
178995
818911
452854
417738
396497
962032
397843
75258
843061
445726
455122
250645
407882
624211
352891
489331
617225
448786
361206
553305
39009
18903
922809
664105
142353
933910
566087
657716
12758
443580
617455
3412
569019
193770
174583
352591
774283
888844
406263
715072
319123
621041
599480
316292
319829
93332
939693
572912
871841
767404
558662
485927
56738
316790
279767
845580
400970
128285
24626
261689
261197
324244
587919
628177
689124
600108
736542
901676
350751
574740
888072
287360
131080
428644
146942
799164
689606
626895
496215
138534
857336
437223
133396
210221
644828
451596
257689
116308
342530
995726
320058
304737
590401
379378
30667
389744
175078
986910
366710
528995
301287
911700
517064
238560
380250
72832
619016
691166
738560
845115
667278
3706
167619
197860
205304
946720
237174
673773
895300
390471
332321
202394
947164
15204
481911
950211
48495
398041
705298
434355
642703
154855
984614
549899
529981
540338
782949
664909
651273
264718
865964
446325
901896
503445
293989
512580
923840
638784
399884
718497
193137
436994
134281
368052
250207
598629
958975
870398
764039
241528
59732
304968
472371
586913
247990
879184
357494
982601
851519
667847
17725
478664
10468
538634
518288
205559
937732
24177
639686
867600
644959
29467
179436
95722
535115
671668
111547
604145
609116
486732
794753
912327
546300
642244
770328
644499
870898
783671
218596
552599
980826
557717
651952
799906
714101
935324
169790
857639
541937
947271
393430
699819
120518
355283
840455
386650
347974
501138
748931
384908
229967
170449
643944
256687
244346
318506
634039
61726
894325
374060
877833
141770
914153
829928
993387
788568
244465
858989
298918
213156
213064
745853
104224
901087
465849
952045
858690
543849
898855
266086
921510
489549
934295
886939
69415
554648
642544
992751
692769
2117
541171
711768
142701
449740
265709
734626
441859
236529
288981
116718
684669
360183
870322
116318
701248
932867
497667
701165
988415
517106
745311
113992
566055
293176
615763
644521
844663
567052
442899
696617
669224
47011
976015
579384
734612
529755
102095
194174
853434
429151
728273
51345
12406
74944
512988
897952
274090
558000
971835
733694
880623
905510
683028
760848
770595
7854
189619
157219
279893
282311
898995
207726
34452
295760
736903
606496
498285
157098
456964
790609
825496
309556
280916
119663
584683
572414
297883
910199
995759
103812
189205
762578
206128
163025
519021
874944
403431
192910
156257
456963
23299
190175
211849
419496
246556
910636
174788
347679
252974
574340
907359
680365
446872
4661
30029
897903
13422
772635
674372
661235
546767
153810
97471
13000
709470
779695
963716
789204
255361
504738
669218
286938
778092
86340
653869
576815
820847
307109
314805
489591
76970
657656
929491
102491
466292
654707
598345
62467
746357
714485
461502
213524
688867
945648
626206
416140
676127
739653
468535
8751
855549
345477
955583
245870
412272
852661
425959
365615
615530
263995
955695
408
146485
947072
813923
383412
303768
51813
999383
298788
646758
107254
608308
558795
507940
865723
259801
216037
8263
692000
330485
73368
961275
794706
195763
654143
5734
356872
818899
112754
637191
129317
259648
459846
98289
992146
613407
625505
53304
195996
881202
994525
140796
654765
192444
113704
110527
284012
316603
374093
122578
776590
224682
585346
763951
431321
95303
675971
393128
112199
53737
126489
941351
390712
27419
975086
660054
189153
210703
335005
80543
291949
831742
74589
456248
844598
719369
838336
859615
612872
474287
691044
142673
584975
374084
824292
624293
831353
992729
639193
22974
746055
248553
307483
418132
580612
365240
424137
139573
175613
308408
753499
931643
652847
240172
17406
2280
863875
939342
560696
222501
976665
988878
828180
102077
143136
141171
677988
252703
3564
53586
366059
11250
676974
56982
290353
176498
775689
552845
509927
465425
793824
802509
403135
244264
907252
914371
78000
4507
125494
542918
535939
877093
960274
378421
233680
498217
699569
669506
818434
309609
806193
310882
937989
156096
3207
251317
316990
964400
433932
378476
488584
504776
536181
641120
451009
566844
372036
796573
56785
266674
700027
700570
13573
826092
805630
350849
865846
982414
602518
194783
663724
655973
157662
901327
111472
98932
645563
470621
540615
794738
592571
820236
732497
292725
599895
670392
343075
112822
269931
338903
470329
248039
931110
251287
671521
157521
691318
997698
889274
404624
100067
456426
831647
862826
349676
543600
584583
648066
844635
682394
340201
649348
747788
802674
205520
952370
520996
823859
632600
941569
886658
630275
167414
48687
897288
725382
987632
559888
578258
291744
640057
793225
486352
831249
615080
826251
241881
473477
950469
24931
376639
937647
409192
398972
487401
221427
80964
731321
441308
772769
681768
304929
937302
941135
209827
638637
311507
293570
139010
956969
963355
948606
331364
184903
942930
209998
648108
32159
643528
83689
693403
661811
621706
631135
863327
749459
907814
320154
274831
234969
842699
110956
209303
88838
90460
809834
733393
613698
912849
96890
610860
628609
915582
653595
40024
3716
892059
377666
893427
983674
413602
675684
186230
265475
790573
770179
432070
845266
808384
444199
161069
296417
549273
184927
388613
225709
345982
589688
328253
73633
720151
198980
268830
406804
557544
366591
747000
749317
512825
85484
748062
552715
311653
3122
923174
981940
390803
636841
587563
325216
714630
263860
584368
830221
551785
304974
256360
307994
292960
67885
546239
760785
673143
622225
856142
253416
660844
704830
802492
140135
947747
136152
113056
208211
892235
319010
847133
497944
360930
931510
872617
983183
479762
125721
200878
807326
229413
851602
709232
746850
485129
990389
754791
876733
339275
223652
145769
185184
342146
445208
721315
277243
358007
475873
490232
823683
760442
222730
720334
232715
435200
645856
363046
553788
388277
995448
103542
493778
861336
173375
640803
138045
999692
342209
239637
656789
319654
650313
907114
18402
139376
105206
598971
503905
528285
882550
360418
991505
42479
94500
147997
251110
119337
829060
341709
133413
466895
897925
604055
201140
974085
894471
813722
702088
893610
276615
30745
372012
108746
493323
863007
228298
344105
858114
41258
210990
565601
533275
90762
389152
390491
423865
299997
441750
776434
775734
465256
912848
18391
475517
710105
219850
126391
790857
203805
740046
891957
944288
340040
524516
522580
39320
322891
631642
688045
747232
389036
157332
558300
438812
505958
490199
537848
547967
281906
970068
331555
990742
158911
274946
135332
877779
529471
664776
901822
165169
21753
501070
634187
930383
909596
777662
983493
332814
19725
373585
239736
813540
987173
910041
358325
257073
197127
926908
930680
999388
88702
121654
190605
123960
294668
368696
502958
591752
404983
719964
917820
820377
782945
813711
81257
803504
345207
532891
572232
188284
734040
337220
550240
925431
161943
199484
685347
553158
755237
281928
331424
268896
278041
911682
602805
723684
124967
588423
14787
379066
481724
694240
598680
108137
657655
889122
684971
816158
844315
15853
223548
529289
206626
707403
306348
840749
671938
979571
458673
12597
98522
562022
948077
455425
72334
840054
525884
787525
785333
436755
613233
297025
627959
123883
875397
290354
388384
176475
336872
83129
132722
370723
608860
831842
655556
686103
867798
929038
243336
4950
263744
697085
299944
82931
301800
742618
989272
805726
340372
270546
375685
957208
657194
152534
825281
476804
742747
765308
550186
362331
888904
641611
924534
344812
761724
708236
254076
538828
337188
777830
613859
210264
530638
615938
239758
684305
992124
702819
631726
130727
763371
12762
776308
610067
539721
103128
148582
245413
262009
808526
142730
533012
984626
906304
120823
751074
506903
991288
543042
250009
287589
337989
221750
181921
994461
196210
955955
41659
408252
699271
20259
836043
226918
898811
889881
516440
852354
803621
91237
541611
806759
127397
197711
789288
527218
814815
450084
732179
624072
46116
614485
745597
131898
497543
456995
326597
577446
298221
441482
94908
786414
369664
452285
591130
611259
750299
311073
604988
114946
39744
515673
826386
553351
635997
419201
910200
460096
822150
531867
909122
834784
243653
772882
621441
252374
767720
109879
903472
653137
91690
157743
221871
547001
613995
512616
950360
283001
601168
90269
319890
521123
364723
347618
377375
978142
811433
873909
652893
93304
637843
224173
273726
538917
472925
330840
994113
405254
463546
527856
283429
773149
156216
995295
719341
241272
916037
182733
112107
92022
246714
164516
598867
545654
335338
244014
638137
711487
306170
225707
703009
553861
759598
185570
725230
987117
71215
276674
117506
86490
713349
187074
925863
50393
254100
580456
327396
279217
673380
738655
484741
508069
193050
204826
634949
895271
103806
892526
994079
769530
492268
298463
995223
275305
116362
576504
693086
658598
850428
799348
150963
505082
805996
207076
768136
781051
210753
317575
438789
571056
397027
491806
250758
284690
660520
676061
871586
989233
942685
570394
155785
37641
38111
142810
744079
319918
360165
974369
271002
378443
728713
528424
875954
981821
904421
668348
758574
942770
962772
166961
518319
299743
252175
805814
846671
867978
859732
982787
346089
767701
166377
968178
31964
488078
923077
200616
241305
726296
297399
867750
859563
44927
356564
739006
136853
351141
432934
163867
514411
353523
690553
263100
35538
550506
407033
852548
22855
714881
52824
332249
666655
322979
469820
926221
9142
329248
133358
128771
866143
531881
512447
723970
112499
185777
204796
466164
320125
47935
463505
315605
433156
142632
315130
911344
819226
7861
88152
964914
463758
287217
735408
859756
564730
407712
796344
833090
343978
33037
382374
471049
897911
859379
163429
156983
405957
6102
19993
391455
272315
982549
479112
585972
646402
960901
184611
541813
219914
663035
67465
966257
324015
144479
379035
513611
198666
280964
676200
194118
516585
71910
540
834952
703965
243535
296613
982841
842736
336422
867930
741851
946457
636640
971491
481119
956572
29117
342283
336421
91978
654148
195240
439360
174081
77983
732163
381328
799464
262254
29840
584339
337085
759737
138342
747184
142767
576242
974378
456374
232541
485932
127055
795512
894020
858210
368018
807829
769796
260164
811858
667615
701015
25344
672233
315458
12638
578753
668444
645308
52287
292947
518830
570559
971042
657556
883986
739828
876416
728899
203435
620211
904481
547347
700831
64088
973385
48572
343653
967827
830609
893834
177618
38684
657722
76420
437943
565360
714442
34908
748216
755676
337462
797869
418668
317588
768275
560374
597386
328109
612821
357752
878641
470033
253689
450844
923862
81808
695830
330051
414212
883792
980708
167922
371165
683265
987764
266079
811607
762561
883193
63283
966865
402898
271424
281038
104068
941668
877951
807910
19795
165292
954378
957966
39588
687809
43155
874679
551969
751154
401475
828956
748535
37643
620886
116585
533019
276152
623386
996848
540904
557830
549144
286209
922837
421972
850989
842468
492455
471070
68228
368180
135471
89765
227996
207297
171130
355581
704744
461505
910749
428602
92408
634020
915979
926162
575680
677895
608783
510208
840374
429857
807914
265588
294460
145299
391737
471229
870424
10025
761370
237151
932199
31918
112699
583604
695013
454236
107219
118235
572059
258966
983931
85853
443801
727656
349905
598327
995106
916232
182622
716558
708362
165644
236543
131333
438752
530055
820654
298154
148616
134880
346852
101268
136023
265864
367080
931943
42399
227269
158124
714368
850532
264800
566210
524644
79681
61473
686919
582758
375622
530025
824228
214432
123551
955477
845373
877676
164178
169085
322109
488983
976541
803583
256632
540935
793454
637536
845240
709966
155802
496605
768240
279231
748567
560023
319225
801147
655831
679519
156516
888390
893159
283301
600953
669826
843527
745791
457046
89766
851597
782458
411866
128523
198610
885317
368690
753239
7765
537861
767979
590209
977875
298678
231668
739106
285709
716030
16800
55568
242346
257897
139350
970813
136357
292147
100121
851219
31947
762220
979268
223354
927613
850409
192259
419668
486072
811462
151678
50193
172863
300813
912141
330483
162029
864675
163790
359116
752464
434734
828459
950736
430928
837661
406011
769345
453022
273606
256682
93872
235184
378648
926641
503404
800416
428288
756409
586294
266521
595516
32082
538596
622641
550443
228981
847078
958067
367743
503371
514493
207625
958872
244122
482386
130111
327888
609584
893611
517126
905528
470982
444641
614264
373544
747630
67893
725842
799602
216816
723462
389501
328788
500510
675914
534995
64684
385153
753442
538492
157787
311775
950028
240892
49872
697338
206433
127970
661669
331249
792882
887907
801452
31556
412418
250620
226774
229731
152547
185257
990325
240735
987240
851464
745098
198941
505547
43782
129259
159335
570884
764726
711597
632385
695308
761576
888439
685470
52492
86577
690911
669269
486950
227758
94518
306811
350604
421975
305818
210581
565753
430937
866665
329805
323060
898039
421239
527841
742851
927473
964965
981055
699562
844534
151187
62430
643348
111403
958645
417163
571962
793111
561881
648691
597829
355780
408300
279652
360608
261649
516246
524914
122927
705335
196918
98732
516765
139081
743074
891058
810145
321214
937404
974238
141305
620963
346244
891962
530794
769301
851088
665207
523642
15672
271786
73188
538158
969161
329496
333077
224952
804034
221488
931524
758464
891510
289656
720891
64510
230596