4895
6322
4764
8180
7631
2968
9364
4354
460
9079
9590
4328
257
550
851
2773
4857
4288
2926
5180
3834
5676
4282
9825
6876
363
5745
1639
4566
6472
8480
221
936
190
6228
8714
2027
698
9593
8787
6881
6456
1614
8192
9379
3542
3440
7551
8892
8408
5801
8128
7953
6915
1731
5691
3269
2830
6379
7419
9995
8883
7439
3931
6753
5183
9022
6707
6424
8609
6342
6833
250
2909
2439
9397
3949
5963
5956
8362
4248
8200
1713
5730
3056
826
795
1998
9023
9469
2711
8716
3232
9085
9837
2158
8543
4409
465
3383
9108
1045
2875
671
5056
1079
9495
1262
2837
4456
3812
8888
8308
9368
8309
8072
3347
9712
5928
3393
4298
9601
2613
8841
9705
4823
755
3351
4908
282
3199
7563
9141
3725
857
2057
9693
8286
4245
8804
5110
1965
2378
8254
1328
7679
1595
9370
6423
1452
1807
4159
4311
3695
59
6766
366
9144
5982
5675
5253
3687
4341
8812
4338
2795
9264
403
8693
3126
9086
9328
8796
1673
4916
2106
8341
919
3644
1486
7403
8785
3878
5790
9804
4836
4686
7241
6907
3415
9410
1303
7083
9002
9136
1391
1197
4177
7809
862
8704
3001
154
5658
6776
7802
6448
8544
7952
1088
9537
52
4448
7933
2023
9830
6166
5183
2927
757
4016
6134
6500
2899
6478
8067
2880
6865
3162
6397
4873
918
4866
8788
3906
4407
9355
5933
1637
9207
6152
2705
8941
5881
8431
516
7447
4251
4254
2883
2145
7827
4016
7742
2888
7683
5311
7868
7072
6711
5810
9137
6979
5360
2221
7971
9007
1405
8924
3162
2227
3896
6229
1594
5362
9383
5290
3588
2912
7522
4040
6560
45
2972
5564
3397
2988
1615
1203
9921
441
1884
6922
6673
4919
1336
3262
2660
8521
6769
6192
9230
4309
777
5553
8862
2178
1646
9147
8360
4402
8684
3834
423
5489
8693
6549
1784
1566
4858
5976
293
4443
9723
9619
1023
5495
7804
7519
8615
6720
8464
9639
2243
6212
2169
7202
7552
1579
3225
6969
1121
3024
3566
6235
3951
493
3900
1029
7912
1601
1244
6472
169
4714
4144
3417
3780
328
7787
7087
5357
8487
6266
8602
2519
3334
8070
1198
9199
9275
4848
2933
1163
7165
494
2538
1345
2241
8723
9114
3933
4448
6930
2631
4157
7406
2666
8707
9262
8709
4970
7937
6150
9530
4388
4844
7507
1857
4355
9740
1302
9440
6236
3335
8659
5398
2763
1909
1149
1017
4829
7957
3123
682
348
5101
4186
3434
762
8079
1731
2508
1718
8870
7052
365
7705
1172
1491
7276
91
440
4548
4665
4563
7892
1198
5695
2597
4060
8380
4009
8868
6145
647
2715
9634
8419
6738
9442
9146
8935
4653
6746
7766
9706
6615
9591
8456
5321
1243
7273
5225
9837
5004
4016
3824
8287
6311
8212
5946
4707
6963
9336
8860
6571
9040
5607
9491
3044
7386
8937
1300
5594
1047
6331
4356
7120
9489
8245
4478
1030
2430
2236
3673
6926
4148
9543
4656